Sparse matrix for selected sentence  
  (0, 3575)	1
  (0, 44)	1
  (0, 2704)	1
  (0, 5975)	1
  (0, 9788)	1
  (0, 5431)	1
  (0, 889)	1
  (0, 509)	1
  (0, 998)	1
  (0, 6112)	1
  (0, 5297)	1
  (0, 6929)	2
  (0, 7112)	1
  (0, 8241)	1
  (0, 9882)	1
  (0, 490)	1
  (0, 9674)	1
  (0, 5379)	1
  (0, 8602)	1
  (0, 1844)	1
  (0, 287)	1
  (0, 4601)	1
  (0, 4528)	1
  (0, 6261)	1
  (0, 6930)	1
  (0, 6021)	1
  (0, 7322)	1
  (0, 4651)	1
  (0, 7976)	1
  (0, 4329)	1
  (0, 2730)	1
  (0, 2146)	1
